0009911	0009912	0.75
0009912	0009911	1.0
0009916	0007574	0009917	0.7647058823529411
0003248	0006932	0.6666666666666666
0009911	0009912	0009913	0.6666666666666666
0009917	0007574	0009916	0.9285714285714286
0009913	0009911	1.0
0009913	0009911	0009912	1.0
0009914	0009915	0009916	0007574	0008842	0009917	0.8
0009915	0007574	0008842	0.6428571428571429
0009914	0009916	0008842	0009917	0.8749999999999999
0009914	0009915	0007574	0008842	0009916	0.5555555555555556
0009915	0009916	0007574	0008842	0009914	1.0
0009916	0008842	0.38709677419354843
0007574	0009915	0.3684210526315789
0009914	0008842	0.4242424242424242
0009917	0009916	0008842	0007574	0.6000000000000001
0009914	0009915	0009916	0008842	0007574	0.6249999999999999
0009917	0008842	0009914	0.6363636363636362
0009917	0009915	0007574	0008842	0009914	1.0
0008539	0009687	0.5
0009914	0009917	0009916	0008842	0007574	0.5714285714285715
0009915	0009916	0008842	0007574	0.5555555555555556
0009916	0007574	0009915	0.47058823529411764
0009916	0007574	0008842	0009917	0.75
0009914	0009917	0008842	0009916	1.0
0009917	0009915	0009916	0008842	0009914	0.8749999999999999
0009917	0009915	0009916	0007574	0008842	0009914	1.0
0009912	0009911	1.0
0009911	0009912	0.75
0009917	0009915	0008842	0007574	0.5
0009914	0009917	0009915	0007574	0008842	0009916	1.0
0008842	0009914	0.43749999999999994
0009914	0008842	0009917	0.5
0009916	0008842	0009914	0.6666666666666666
0009914	0009917	0009915	0008842	0007574	0.5714285714285715
0009914	0009917	0009915	0009916	0008842	0007574	0.5714285714285715
0009917	0008842	0.40740740740740744
0009914	0009916	0007574	0008842	0009915	1.0
0009917	0009916	0007574	0008842	0009914	0.6666666666666666
0009915	0007574	0008842	0009917	0.4444444444444445
0009915	0009916	0007574	0008842	0.6249999999999999
0009914	0009915	0008842	0009916	0.5714285714285715
0009914	0009917	0009916	0007574	0008842	0009915	1.0
0009915	0008842	0007574	0.5294117647058824
0009915	0008842	0.5483870967741935
0003248	0009966	0.6000000000000001
0009966	0003248	0.5
0009912	0009911	0.75
0009913	0009911	0009912	0.6666666666666666
0009912	0009913	0009911	1.0
0009911	0009913	1.0
0007574	0009915	0.45161290322580644
0009915	0007574	0.3684210526315789
0009911	0009912	1.0
